15:
0.0273556231003 0.645161290323 987 0.0524857850999
0.0490196078431 0.225806451613 204 0.0805523590334

21:
0.0279383429672 0.709677419355 1038 0.053760269644
0.0804020100503 0.354838709677 199 0.131098696462

25:
0.00886699507389 0.526315789474 1015 0.0174401705261
0.0281690140845 0.368421052632 213 0.0523364485981

26:
0.0140845070423 0.652173913043 1065 0.0275735294118
0.0528846153846 0.478260869565 208 0.0952380952381

31:
0.0317297850563 0.685714285714 977 0.0606529980027
0.0980392156863 0.457142857143 204 0.161453077699

33:
0.0179640718563 0.8125 1002 0.0351509689049
0.0436893203883 0.375 206 0.0782608695652

35:
0.0115942028986 0.52380952381 1035 0.0226862593452
0.0225225225225 0.238095238095 222 0.0411522633745

50:
0.0128205128205 0.55 1014 0.0250569476082
0.0462962962963 0.4 216 0.0829875518672

55:
0.0128205128205 0.55 1014 0.0250569476082
0.0462962962963 0.4 216 0.0829875518672

61:
0.0176579925651 0.7 1076 0.034447034447
0.0536585365854 0.4 205 0.094623655914

75:
0.0130718954248 0.3 459 0.0250521920668
0.00819672131148 0.0 122 0.0

193:
0.00381315538608 0.8 1049 0.00759013282732
0.0047619047619 0.2 210 0.0093023255814